998
7076
7109
778
2
964
932
418
779
419
935
3
5
6059
6062
4045
6063
4046
4
4047
4048
4049
6064
6061
420
421
422
783
784
423
424
425
426
427
428
429
430
431
432
433
967
434
435
436
437
832
438
440
5035
6
441
442
826
443
444
445
446
447
6068
984
6067
448
449
450
451
960
7082
452
7108
4061
4062
453
454
758
456
635
7153
759
458
459
460
7
461
760
761
464
788
465
466
467
874
468
469
470
471
8
472
473
474
807
475
476
477
7133
9
833
478
479
902
480
10
5036
481
482
11
483
484
485
486
487
488
12
489
490
13
7142
845
491
7112
492
493
877
494
15
495
496
7071
16
497
6058
17
498
18
499
19
500
789
501
502
503
504
506
505
507
508
509
780
951
511
512
513
515
516
517
518
4038
519
881
520
521
522
2012
1012
7091
781
524
525
526
527
528
529
530
531
6044
5038
532
533
4024
534
535
536
537
538
539
540
541
542
543
544
545
546
7102
762
547
866
548
549
550
4035
7072
884
885
551
764
765
552
553
554
555
556
557
766
559
787
7107
560
561
562
805
564
563
565
566
4040
567
568
7141
875
808
569
570
841
809
571
572
7087
1011
4051
767
573
574
923
821
575
576
7083
577
578
579
7090
580
926
581
582
4042
583
810
584
585
586
7128
954
588
587
589
590
591
7096
592
593
594
595
596
597
598
599
6053
7104
600
601
602
603
792
22
605
606
607
608
609
4044
4041
905
610
411
611
612
613
7127
614
615
616
618
617
619
620
7079
23
5039
834
621
4052
622
623
811
624
962
793
625
4053
626
7139
281
7125
627
628
24
25
629
630
966
631
632
633
634
769
636
637
6054
1009
638
639
640
6057
4029
642
4054
643
644
6045
7080
4050
645
646
647
648
649
650
651
652
653
654
655
4055
656
657
658
812
355
659
661
660
662
813
663
664
665
666
26
667
668
6056
6065
975
7144
669
931
670
671
672
952
673
948
7088
674
675
676
820
677
678
679
7106
680
681
682
683
684
685
686
927
28
687
688
689
690
1000
4018
5034
691
692
693
694
695
696
697
7085
698
4028
699
700
893
5037
4023
701
702
7140
703
4025
976
704
705
706
770
707
708
709
710
6042
7084
7097
711
5033
796
6051
797
712
713
714
799
915
814
4030
715
716
801
717
6069
718
719
803
804
720
721
7070
722
802
723
724
725
7101
7100
726
728
933
730
947
731
727
729
732
4033
734
735
736
737
738
739
30
740
742
741
815
744
745
889
746
953
747
748
4058
4059
4057
771
972
772
825
749
750
751
753
752
785
756
31
7110
32
33
34
35
7157
36
827
38
39
934
41
42
43
955
44
45
958
49
996
870
48
7155
945
50
51
4016
52
981
53
959
55
56
946
978
57
977
59
61
62
63
64
65
4036
67
68
871
4037
70
5030
72
73
4026
74
773
7143
6043
7152
1002
1010
1001
7130
7098
1003
1004
999
7121
7122
7123
7118
7116
7119
7124
7117
7120
7115
7114
995
842
75
997
76
77
78
79
80
81
82
83
880
7077
84
85
86
87
992
88
921
90
439
91
92
93
94
95
96
858
5040
816
98
99
919
817
100
101
102
7094
103
104
105
106
859
109
110
7154
111
112
113
107
115
116
117
114
118
119
120
121
6041
123
1005
124
125
126
127
128
864
862
863
131
6055
133
134
867
868
922
136
137
138
139
140
141
142
143
7092
4017
7132
7137
144
878
145
146
147
148
7136
879
822
150
151
7105
132
152
876
153
154
5041
155
7093
156
847
157
886
158
159
162
163
160
7151
161
164
165
166
167
168
169
6066
170
171
172
173
819
174
175
176
177
178
179
180
181
849
182
850
183
184
776
185
7138
186
936
851
887
187
852
188
189
190
191
7086
192
193
888
194
195
196
854
198
857
199
201
200
202
757
203
956
7156
5042
7150
205
957
206
1006
6060
6047
938
208
207
7074
898
210
211
212
213
901
215
904
216
217
218
219
220
221
222
873
7099
7103
243
230
231
232
233
234
235
900
236
237
238
4034
7148
4027
239
241
240
242
4022
961
244
245
246
7089
247
907
251
831
252
253
254
255
256
257
259
260
908
261
262
993
263
264
823
265
913
267
268
269
6048
912
7147
1007
271
272
914
274
911
7131
275
276
3013
4043
909
965
277
278
279
280
283
284
285
286
287
288
289
514
872
5031
290
843
969
250
248
249
906
291
292
293
294
295
928
296
297
298
299
300
7134
302
303
4020
890
892
4060
305
306
307
6052
308
830
309
310
924
311
829
312
314
930
315
316
317
318
319
937
939
920
950
321
7113
322
963
323
324
325
7135
326
327
328
899
940
329
330
941
944
332
333
334
335
943
340
338
336
337
339
798
341
342
343
344
345
346
347
6050
349
6049
350
348
351
352
353
354
356
357
358
4019
359
903
360
7126
6046
361
5032
362
988
818
366
363
364
365
367
368
369
370
371
897
373
374
375
894
895
376
377
378
379
380
381
382
383
384
385
896
388
389
390
391
392
393
4015
994
394
395
7145
397
398
396
399
7095
916
968
402
401
404
403
4032
405
4031
949
4012
777
406
407
408
7149
409
410
412
414
415
416
416